1672
-10434
-9982
-18500
6192
-832
-896
1364
9438
-13920
-3916
-11118
-31000
-5476
32384
-13114
15680
-10560
-2360
-32600
-5400
6264
-25460
17324
2948
-37422
0
-12896
12432
28812
-392
-5100
-21560
0
-8568
15840
6656
12084
1972
-6764
5952
3944
-22110
-23058
-28200
-3330
6240
17730
-17248
3652
35308
-11712
-15580
-17640
12078
-12972
-2052
-6776
-1350
-18700
16600
19170
1320
-4408
-11392
532
36480
3132
6540
7680
19028
-10496
592
-2502
-6572
-5408
19040
4810
-2210
7544
-2622
-14744
-24024
-3560
29302
-27048
-2220
22350
-5460
-2002
3612
4408
-5850
-640
-3082
-3192
-624
8282
840
19980
