64
3 1
5 13 3
2 4
10 7
9 6
16 3 12 4 12 5 1 1 7
5 2
8 16 10 3 12
5 7
15 14 13 12 2
6 7
1 5 8 7 7 8
4 5
4 9 4 8
8 8
14 16 2 5 15 11 7 11
2 3
9 3
2 1
4 13
5 2
1 10 11 7 1
3 3
4 9 2
9 1
5 8 1 6 12 16 1 2 10
6 1
2 8 12 6 11 8
4 1
8 1 10 14
2 2
12 5
8 5
16 4 1 7 4 7 3 3
3 4
12 12 12
6 3
7 3 13 14 11 12
5 7
5 2 12 14 13
3 3
9 16 2
8 2
6 16 8 8 6 12 4 1
5 4
3 14 3 15 11
3 2
16 8 14
3 5
11 14 3
6 6
2 11 15 8 16 14
7 3
3 10 11 3 1 11 5
2 1
4 8
6 5
7 1 11 8 3 5
7 4
14 10 7 9 9 14 8
10 1
15 9 6 9 11 6 3 16 3 16
3 5
9 15 1
9 6
8 11 14 12 16 11 6 7 3
2 4
11 3
8 3
11 6 2 6 11 4 5 14
1 2
8
5 4
8 3 14 16 14
5 4
13 5 16 3 8
1 2
2
4 2
10 10 11 11
95 62
31 35 35 65 121 106 28 14 65 110 123 112 43 5 43 56 57 106 10 16 7 16 65 118 38 75 79 16 101 46 53 3 80 87 68 73 64 95 86 1 76 80 112 119 84 26 46 12 4 55 28 10 71 92 127 108 38 77 123 11 122 48 13 74 6 80 18 70 46 103 70 122 54 53 112 9 79 29 20 82 83 47 91 25 11 89 4 48 37 127 58 31 46 71 104
51 45
121 120 68 95 61 61 20 114 44 28 64 72 47 17 26 94 107 51 104 67 54 23 103 52 81 5 97 23 108 20 44 100 11 111 66 72 43 85 57 86 112 120 29 31 8 55 124 114 105 99 52
30 25
26 82 73 31 50 95 10 69 11 110 80 121 47 23 36 4 79 121 115 70 22 17 77 76 12 62 52 110 113 81
103 63
34 47 40 84 14 50 24 24 31 103 16 77 125 51 80 75 44 67 16 65 83 92 12 95 25 63 76 9 15 50 19 49 97 58 4 110 107 27 5 9 2 20 86 126 71 37 73 114 103 88 50 58 52 61 24 76 123 99 85 9 21 103 57 117 32 60 98 11 87 102 19 88 121 104 85 63 13 29 48 115 117 97 44 40 29 67 115 23 38 71 32 58 45 88 46 77 20 15 87 106 116 105 65
108 1
21 43 93 50 90 79 38 59 123 77 87 61 63 110 98 6 13 27 50 100 72 126 119 86 84 96 73 61 32 53 13 53 95 105 102 56 55 11 114 49 87 73 110 21 54 79 26 66 106 76 37 49 73 28 7 29 123 79 89 27 3 101 79 97 77 52 25 3 62 10 52 20 82 33 40 7 111 66 72 88 13 109 9 85 8 15 113 2 93 73 28 96 45 106 64 121 29 88 124 90 98 47 109 51 79 21 58 61
86 17
21 98 109 29 54 116 43 39 118 7 111 17 102 28 123 38 20 23 125 15 113 94 61 93 17 11 113 74 72 70 74 92 39 55 120 93 42 34 3 31 40 113 48 14 12 42 51 32 64 47 46 48 13 107 13 29 117 125 102 60 67 47 23 105 101 14 69 15 47 71 45 87 56 92 100 67 5 22 98 69 68 16 116 80 122 128
108 82
125 81 42 63 128 64 39 100 78 108 114 124 50 31 82 105 122 53 44 127 74 13 67 14 28 54 93 21 54 73 3 50 25 44 112 24 107 22 124 56 1 109 52 51 11 5 27 5 58 70 3 3 83 69 16 110 122 109 3 47 53 5 96 77 48 79 101 26 101 96 82 101 76 5 23 87 9 50 91 66 119 93 69 73 33 84 55 26 64 57 73 116 61 40 65 108 119 37 5 91 4 86 63 79 90 86 37 99
7 7
36 125 91 104 70 123 60
124 21
123 52 93 111 112 4 47 91 122 83 95 84 86 53 19 36 14 104 73 112 110 71 20 106 34 123 47 28 54 42 48 49 93 12 31 76 16 77 38 9 31 5 93 116 57 111 23 70 86 95 54 67 38 73 44 71 67 91 98 121 4 18 41 97 29 71 44 44 19 82 53 49 86 17 36 14 127 58 83 84 25 8 22 62 80 65 4 19 27 101 11 31 118 51 127 19 121 42 62 11 123 114 59 80 2 94 93 128 23 48 83 47 55 104 108 7 41 111 25 67 84 35 97 73
85 42
91 77 9 25 87 3 10 17 83 12 110 47 11 4 94 94 51 21 69 30 27 109 13 51 48 96 85 16 40 41 111 3 117 119 27 75 121 36 91 75 47 72 122 58 75 87 23 125 107 91 27 5 72 39 55 119 6 11 6 45 51 116 47 39 106 73 113 99 109 75 45 27 18 38 84 93 125 106 89 103 69 115 108 12 25
34 14
30 45 7 75 95 123 121 6 100 66 118 70 46 65 115 72 82 24 28 46 20 5 7 123 73 121 102 84 18 7 85 47 51 92
121 98
86 114 23 57 51 12 127 96 76 113 39 30 8 66 75 28 71 81 22 15 74 123 99 91 1 55 9 52 18 2 69 103 115 91 32 37 102 30 4 50 14 42 79 21 108 25 48 50 106 69 64 51 63 34 13 64 89 21 115 106 22 55 81 8 17 112 44 118 13 47 39 26 89 117 46 68 14 94 117 119 34 52 41 97 86 53 32 46 73 18 23 95 72 103 102 88 86 18 77 98 64 116 123 24 104 41 91 117 6 79 107 39 3 19 7 88 71 38 5 16 55
27 21
126 2 83 85 87 100 34 57 36 21 51 59 124 91 22 113 96 100 91 7 102 110 13 61 52 51 65
67 50
92 48 103 93 3 59 51 102 92 107 9 112 30 68 108 120 89 92 88 60 54 94 34 35 106 94 87 28 31 25 5 122 73 107 86 75 37 8 48 1 115 57 112 16 124 91 7 84 54 94 15 108 59 48 14 37 14 100 64 44 125 68 37 69 46 122 15
83 60
62 83 115 118 66 2 113 29 9 68 82 102 83 61 33 2 75 69 15 46 4 58 42 72 94 110 117 87 124 71 88 58 25 74 47 91 76 32 119 84 99 72 57 53 5 89 55 79 29 69 124 33 127 38 104 92 19 92 51 15 35 10 72 59 83 118 21 30 21 11 113 120 83 42 44 87 2 98 37 31 39 32 63
37 2
38 128 88 1 50 102 35 59 45 94 14 34 114 43 55 125 28 46 79 69 89 37 70 59 73 100 97 104 34 5 45 71 4 4 72 54 105
106 40
21 71 125 54 57 40 108 53 67 25 3 7 114 39 76 44 111 48 12 86 81 16 2 24 19 5 95 72 109 72 56 1 15 52 55 71 91 34 123 29 59 125 35 44 35 111 87 17 30 98 102 110 113 104 5 3 108 99 75 89 43 2 89 57 53 15 127 16 49 121 44 107 117 79 22 23 61 108 39 90 77 12 71 61 115 76 63 95 46 9 55 88 10 15 16 63 30 14 78 78 6 121 56 122 71 77
16 13
56 54 92 4 66 35 64 52 110 126 18 27 7 72 115 16
87 46
78 116 16 27 65 21 20 120 15 90 68 30 93 123 84 56 126 21 90 61 72 71 58 90 98 64 33 84 80 119 85 29 106 100 56 42 121 75 33 7 36 100 36 128 94 119 56 91 11 17 23 83 88 81 44 57 16 76 12 95 67 96 124 44 68 51 86 60 125 118 66 32 90 101 32 55 92 87 18 102 103 40 56 62 120 99 118
8 1
1 102 113 97 97 28 36 19
113 52
15 103 32 47 64 4 78 118 95 36 7 69 10 47 124 72 38 95 61 45 13 62 19 125 30 115 24 65 6 9 31 20 111 62 66 46 65 15 35 32 50 42 100 60 88 95 3 125 61 63 42 73 124 60 69 25 46 93 89 51 101 119 71 83 52 8 128 117 23 34 20 72 75 119 3 34 85 5 31 18 68 72 90 63 3 31 88 48 123 48 99 95 39 41 49 90 48 48 78 70 81 97 14 28 87 16 61 44 21 91 61 88 34
22 22
36 52 109 84 46 29 54 12 67 94 60 28 13 107 106 83 60 74 96 87 33 111
1000 1000000
1000000 1000000 1000000 1000000 1000000 1000000 1000000 1000000 1000000 1000000 1000000 1000000 1000000 1000000 1000000 1000000 1000000 1000000 1000000 1000000 1000000 1000000 1000000 1000000 1000000 1000000 1000000 1000000 1000000 1000000 1000000 1000000 1000000 1000000 1000000 1000000 1000000 1000000 1000000 1000000 1000000 1000000 1000000 1000000 1000000 1000000 1000000 1000000 1000000 1000000 1000000 1000000 1000000 1000000 1000000 1000000 1000000 1000000 1000000 1000000 1000000 1000000 1000000 1000000 1000000 1000000 1000000 1000000 1000000 1000000 1000000 1000000 1000000 1000000 1000000 1000000 1000000 1000000 1000000 1000000 1000000 1000000 1000000 1000000 1000000 1000000 1000000 1000000 1000000 1000000 1000000 1000000 1000000 1000000 1000000 1000000 1000000 1000000 1000000 1000000 1000000 1000000 1000000 1000000 1000000 1000000 1000000 1000000 1000000 1000000 1000000 1000000 1000000 1000000 1000000 1000000 1000000 1000000 1000000 1000000 1000000 1000000 1000000 1000000 1000000 1000000 1000000 1000000 1000000 1000000 1000000 1000000 1000000 1000000 1000000 1000000 1000000 1000000 1000000 1000000 1000000 1000000 1000000 1000000 1000000 1000000 1000000 1000000 1000000 1000000 1000000 1000000 1000000 1000000 1000000 1000000 1000000 1000000 1000000 1000000 1000000 1000000 1000000 1000000 1000000 1000000 1000000 1000000 1000000 1000000 1000000 1000000 1000000 1000000 1000000 1000000 1000000 1000000 1000000 1000000 1000000 1000000 1000000 1000000 1000000 1000000 1000000 1000000 1000000 1000000 1000000 1000000 1000000 1000000 1000000 1000000 1000000 1000000 1000000 1000000 1000000 1000000 1000000 1000000 1000000 1000000 1000000 1000000 1000000 1000000 1000000 1000000 1000000 1000000 1000000 1000000 1000000 1000000 1000000 1000000 1000000 1000000 1000000 1000000 1000000 1000000 1000000 1000000 1000000 1000000 1000000 1000000 1000000 1000000 1000000 1000000 1000000 1000000 1000000 1000000 1000000 1000000 1000000 1000000 1000000 1000000 1000000 1000000 1000000 1000000 1000000 1000000 1000000 1000000 1000000 1000000 1000000 1000000 1000000 1000000 1000000 1000000 1000000 1000000 1000000 1000000 1000000 1000000 1000000 1000000 1000000 1000000 1000000 1000000 1000000 1000000 1000000 1000000 1000000 1000000 1000000 1000000 1000000 1000000 1000000 1000000 1000000 1000000 1000000 1000000 1000000 1000000 1000000 1000000 1000000 1000000 1000000 1000000 1000000 1000000 1000000 1000000 1000000 1000000 1000000 1000000 1000000 1000000 1000000 1000000 1000000 1000000 1000000 1000000 1000000 1000000 1000000 1000000 1000000 1000000 1000000 1000000 1000000 1000000 1000000 1000000 1000000 1000000 1000000 1000000 1000000 1000000 1000000 1000000 1000000 1000000 1000000 1000000 1000000 1000000 1000000 1000000 1000000 1000000 1000000 1000000 1000000 1000000 1000000 1000000 1000000 1000000 1000000 1000000 1000000 1000000 1000000 1000000 1000000 1000000 1000000 1000000 1000000 1000000 1000000 1000000 1000000 1000000 1000000 1000000 1000000 1000000 1000000 1000000 1000000 1000000 1000000 1000000 1000000 1000000 1000000 1000000 1000000 1000000 1000000 1000000 1000000 1000000 1000000 1000000 1000000 1000000 1000000 1000000 1000000 1000000 1000000 1000000 1000000 1000000 1000000 1000000 1000000 1000000 1000000 1000000 1000000 1000000 1000000 1000000 1000000 1000000 1000000 1000000 1000000 1000000 1000000 1000000 1000000 1000000 1000000 1000000 1000000 1000000 1000000 1000000 1000000 1000000 1000000 1000000 1000000 1000000 1000000 1000000 1000000 1000000 1000000 1000000 1000000 1000000 1000000 1000000 1000000 1000000 1000000 1000000 1000000 1000000 1000000 1000000 1000000 1000000 1000000 1000000 1000000 1000000 1000000 1000000 1000000 1000000 1000000 1000000 1000000 1000000 1000000 1000000 1000000 1000000 1000000 1000000 1000000 1000000 1000000 1000000 1000000 1000000 1000000 1000000 1000000 1000000 1000000 1000000 1000000 1000000 1000000 1000000 1000000 1000000 1000000 1000000 1000000 1000000 1000000 1000000 1000000 1000000 1000000 1000000 1000000 1000000 1000000 1000000 1000000 1000000 1000000 1000000 1000000 1000000 1000000 1000000 1000000 1000000 1000000 1000000 1000000 1000000 1000000 1000000 1000000 1000000 1000000 1000000 1000000 1000000 1000000 1000000 1000000 1000000 1000000 1000000 1000000 1000000 1000000 1000000 1000000 1000000 1000000 1000000 1000000 1000000 1000000 1000000 1000000 1000000 1000000 1000000 1000000 1000000 1000000 1000000 1000000 1000000 1000000 1000000 1000000 1000000 1000000 1000000 1000000 1000000 1000000 1000000 1000000 1000000 1000000 1000000 1000000 1000000 1000000 1000000 1000000 1000000 1000000 1000000 1000000 1000000 1000000 1000000 1000000 1000000 1000000 1000000 1000000 1000000 1000000 1000000 1000000 1000000 1000000 1000000 1000000 1000000 1000000 1000000 1000000 1000000 1000000 1000000 1000000 1000000 1000000 1000000 1000000 1000000 1000000 1000000 1000000 1000000 1000000 1000000 1000000 1000000 1000000 1000000 1000000 1000000 1000000 1000000 1000000 1000000 1000000 1000000 1000000 1000000 1000000 1000000 1000000 1000000 1000000 1000000 1000000 1000000 1000000 1000000 1000000 1000000 1000000 1000000 1000000 1000000 1000000 1000000 1000000 1000000 1000000 1000000 1000000 1000000 1000000 1000000 1000000 1000000 1000000 1000000 1000000 1000000 1000000 1000000 1000000 1000000 1000000 1000000 1000000 1000000 1000000 1000000 1000000 1000000 1000000 1000000 1000000 1000000 1000000 1000000 1000000 1000000 1000000 1000000 1000000 1000000 1000000 1000000 1000000 1000000 1000000 1000000 1000000 1000000 1000000 1000000 1000000 1000000 1000000 1000000 1000000 1000000 1000000 1000000 1000000 1000000 1000000 1000000 1000000 1000000 1000000 1000000 1000000 1000000 1000000 1000000 1000000 1000000 1000000 1000000 1000000 1000000 1000000 1000000 1000000 1000000 1000000 1000000 1000000 1000000 1000000 1000000 1000000 1000000 1000000 1000000 1000000 1000000 1000000 1000000 1000000 1000000 1000000 1000000 1000000 1000000 1000000 1000000 1000000 1000000 1000000 1000000 1000000 1000000 1000000 1000000 1000000 1000000 1000000 1000000 1000000 1000000 1000000 1000000 1000000 1000000 1000000 1000000 1000000 1000000 1000000 1000000 1000000 1000000 1000000 1000000 1000000 1000000 1000000 1000000 1000000 1000000 1000000 1000000 1000000 1000000 1000000 1000000 1000000 1000000 1000000 1000000 1000000 1000000 1000000 1000000 1000000 1000000 1000000 1000000 1000000 1000000 1000000 1000000 1000000 1000000 1000000 1000000 1000000 1000000 1000000 1000000 1000000 1000000 1000000 1000000 1000000 1000000 1000000 1000000 1000000 1000000 1000000 1000000 1000000 1000000 1000000 1000000 1000000 1000000 1000000 1000000 1000000 1000000 1000000 1000000 1000000 1000000 1000000 1000000 1000000 1000000 1000000 1000000 1000000 1000000 1000000 1000000 1000000 1000000 1000000 1000000 1000000 1000000 1000000 1000000 1000000 1000000 1000000 1000000 1000000 1000000 1000000 1000000 1000000 1000000 1000000 1000000 1000000 1000000 1000000 1000000 1000000 1000000 1000000 1000000 1000000 1000000 1000000 1000000 1000000 1000000 1000000 1000000 1000000 1000000 1000000 1000000 1000000 1000000 1000000 1000000 1000000 1000000 1000000 1000000 1000000 1000000 1000000 1000000 1000000 1000000 1000000 1000000 1000000 1000000 1000000 1000000 1000000 1000000 1000000 1000000 1000000 1000000 1000000 1000000 1000000 1000000 1000000 1000000 1000000 1000000 1000000 1000000 1000000 1000000 1000000 1000000 1000000 1000000 1000000 1000000 1000000 1000000 1000000 1000000 1000000 1000000 1000000 1000000 1000000 1000000 1000000 1000000 1000000 1000000 1000000 1000000 1000000 1000000 1000000 1000000 1000000 1000000 1000000 1000000 1000000 1000000 1000000 1000000 1000000 1000000 1000000 1000000 1000000 1000000 1000000 1000000 1000000 1000000 1000000 1000000 1000000 1000000 1000000 1000000 1000000 1000000 1000000 1000000 1000000 1000000 1000000 1000000 1000000 1000000 1000000 1000000 1000000 1000000 1000000 1000000 1000000 1000000 1000000 1000000 1000000 1000000 1000000 1000000 1000000 1000000 1000000 1000000 1000000 1000000
1000 1
1000000 1000000 1000000 1000000 1000000 1000000 1000000 1000000 1000000 1000000 1000000 1000000 1000000 1000000 1000000 1000000 1000000 1000000 1000000 1000000 1000000 1000000 1000000 1000000 1000000 1000000 1000000 1000000 1000000 1000000 1000000 1000000 1000000 1000000 1000000 1000000 1000000 1000000 1000000 1000000 1000000 1000000 1000000 1000000 1000000 1000000 1000000 1000000 1000000 1000000 1000000 1000000 1000000 1000000 1000000 1000000 1000000 1000000 1000000 1000000 1000000 1000000 1000000 1000000 1000000 1000000 1000000 1000000 1000000 1000000 1000000 1000000 1000000 1000000 1000000 1000000 1000000 1000000 1000000 1000000 1000000 1000000 1000000 1000000 1000000 1000000 1000000 1000000 1000000 1000000 1000000 1000000 1000000 1000000 1000000 1000000 1000000 1000000 1000000 1000000 1000000 1000000 1000000 1000000 1000000 1000000 1000000 1000000 1000000 1000000 1000000 1000000 1000000 1000000 1000000 1000000 1000000 1000000 1000000 1000000 1000000 1000000 1000000 1000000 1000000 1000000 1000000 1000000 1000000 1000000 1000000 1000000 1000000 1000000 1000000 1000000 1000000 1000000 1000000 1000000 1000000 1000000 1000000 1000000 1000000 1000000 1000000 1000000 1000000 1000000 1000000 1000000 1000000 1000000 1000000 1000000 1000000 1000000 1000000 1000000 1000000 1000000 1000000 1000000 1000000 1000000 1000000 1000000 1000000 1000000 1000000 1000000 1000000 1000000 1000000 1000000 1000000 1000000 1000000 1000000 1000000 1000000 1000000 1000000 1000000 1000000 1000000 1000000 1000000 1000000 1000000 1000000 1000000 1000000 1000000 1000000 1000000 1000000 1000000 1000000 1000000 1000000 1000000 1000000 1000000 1000000 1000000 1000000 1000000 1000000 1000000 1000000 1000000 1000000 1000000 1000000 1000000 1000000 1000000 1000000 1000000 1000000 1000000 1000000 1000000 1000000 1000000 1000000 1000000 1000000 1000000 1000000 1000000 1000000 1000000 1000000 1000000 1000000 1000000 1000000 1000000 1000000 1000000 1000000 1000000 1000000 1000000 1000000 1000000 1000000 1000000 1000000 1000000 1000000 1000000 1000000 1000000 1000000 1000000 1000000 1000000 1000000 1000000 1000000 1000000 1000000 1000000 1000000 1000000 1000000 1000000 1000000 1000000 1000000 1000000 1000000 1000000 1000000 1000000 1000000 1000000 1000000 1000000 1000000 1000000 1000000 1000000 1000000 1000000 1000000 1000000 1000000 1000000 1000000 1000000 1000000 1000000 1000000 1000000 1000000 1000000 1000000 1000000 1000000 1000000 1000000 1000000 1000000 1000000 1000000 1000000 1000000 1000000 1000000 1000000 1000000 1000000 1000000 1000000 1000000 1000000 1000000 1000000 1000000 1000000 1000000 1000000 1000000 1000000 1000000 1000000 1000000 1000000 1000000 1000000 1000000 1000000 1000000 1000000 1000000 1000000 1000000 1000000 1000000 1000000 1000000 1000000 1000000 1000000 1000000 1000000 1000000 1000000 1000000 1000000 1000000 1000000 1000000 1000000 1000000 1000000 1000000 1000000 1000000 1000000 1000000 1000000 1000000 1000000 1000000 1000000 1000000 1000000 1000000 1000000 1000000 1000000 1000000 1000000 1000000 1000000 1000000 1000000 1000000 1000000 1000000 1000000 1000000 1000000 1000000 1000000 1000000 1000000 1000000 1000000 1000000 1000000 1000000 1000000 1000000 1000000 1000000 1000000 1000000 1000000 1000000 1000000 1000000 1000000 1000000 1000000 1000000 1000000 1000000 1000000 1000000 1000000 1000000 1000000 1000000 1000000 1000000 1000000 1000000 1000000 1000000 1000000 1000000 1000000 1000000 1000000 1000000 1000000 1000000 1000000 1000000 1000000 1000000 1000000 1000000 1000000 1000000 1000000 1000000 1000000 1000000 1000000 1000000 1000000 1000000 1000000 1000000 1000000 1000000 1000000 1000000 1000000 1000000 1000000 1000000 1000000 1000000 1000000 1000000 1000000 1000000 1000000 1000000 1000000 1000000 1000000 1000000 1000000 1000000 1000000 1000000 1000000 1000000 1000000 1000000 1000000 1000000 1000000 1000000 1000000 1000000 1000000 1000000 1000000 1000000 1000000 1000000 1000000 1000000 1000000 1000000 1000000 1000000 1000000 1000000 1000000 1000000 1000000 1000000 1000000 1000000 1000000 1000000 1000000 1000000 1000000 1000000 1000000 1000000 1000000 1000000 1000000 1000000 1000000 1000000 1000000 1000000 1000000 1000000 1000000 1000000 1000000 1000000 1000000 1000000 1000000 1000000 1000000 1000000 1000000 1000000 1000000 1000000 1000000 1000000 1000000 1000000 1000000 1000000 1000000 1000000 1000000 1000000 1000000 1000000 1000000 1000000 1000000 1000000 1000000 1000000 1000000 1000000 1000000 1000000 1000000 1000000 1000000 1000000 1000000 1000000 1000000 1000000 1000000 1000000 1000000 1000000 1000000 1000000 1000000 1000000 1000000 1000000 1000000 1000000 1000000 1000000 1000000 1000000 1000000 1000000 1000000 1000000 1000000 1000000 1000000 1000000 1000000 1000000 1000000 1000000 1000000 1000000 1000000 1000000 1000000 1000000 1000000 1000000 1000000 1000000 1000000 1000000 1000000 1000000 1000000 1000000 1000000 1000000 1000000 1000000 1000000 1000000 1000000 1000000 1000000 1000000 1000000 1000000 1000000 1000000 1000000 1000000 1000000 1000000 1000000 1000000 1000000 1000000 1000000 1000000 1000000 1000000 1000000 1000000 1000000 1000000 1000000 1000000 1000000 1000000 1000000 1000000 1000000 1000000 1000000 1000000 1000000 1000000 1000000 1000000 1000000 1000000 1000000 1000000 1000000 1000000 1000000 1000000 1000000 1000000 1000000 1000000 1000000 1000000 1000000 1000000 1000000 1000000 1000000 1000000 1000000 1000000 1000000 1000000 1000000 1000000 1000000 1000000 1000000 1000000 1000000 1000000 1000000 1000000 1000000 1000000 1000000 1000000 1000000 1000000 1000000 1000000 1000000 1000000 1000000 1000000 1000000 1000000 1000000 1000000 1000000 1000000 1000000 1000000 1000000 1000000 1000000 1000000 1000000 1000000 1000000 1000000 1000000 1000000 1000000 1000000 1000000 1000000 1000000 1000000 1000000 1000000 1000000 1000000 1000000 1000000 1000000 1000000 1000000 1000000 1000000 1000000 1000000 1000000 1000000 1000000 1000000 1000000 1000000 1000000 1000000 1000000 1000000 1000000 1000000 1000000 1000000 1000000 1000000 1000000 1000000 1000000 1000000 1000000 1000000 1000000 1000000 1000000 1000000 1000000 1000000 1000000 1000000 1000000 1000000 1000000 1000000 1000000 1000000 1000000 1000000 1000000 1000000 1000000 1000000 1000000 1000000 1000000 1000000 1000000 1000000 1000000 1000000 1000000 1000000 1000000 1000000 1000000 1000000 1000000 1000000 1000000 1000000 1000000 1000000 1000000 1000000 1000000 1000000 1000000 1000000 1000000 1000000 1000000 1000000 1000000 1000000 1000000 1000000 1000000 1000000 1000000 1000000 1000000 1000000 1000000 1000000 1000000 1000000 1000000 1000000 1000000 1000000 1000000 1000000 1000000 1000000 1000000 1000000 1000000 1000000 1000000 1000000 1000000 1000000 1000000 1000000 1000000 1000000 1000000 1000000 1000000 1000000 1000000 1000000 1000000 1000000 1000000 1000000 1000000 1000000 1000000 1000000 1000000 1000000 1000000 1000000 1000000 1000000 1000000 1000000 1000000 1000000 1000000 1000000 1000000 1000000 1000000 1000000 1000000 1000000 1000000 1000000 1000000 1000000 1000000 1000000 1000000 1000000 1000000 1000000 1000000 1000000 1000000 1000000 1000000 1000000 1000000 1000000 1000000 1000000 1000000 1000000 1000000 1000000 1000000 1000000 1000000 1000000 1000000 1000000 1000000 1000000 1000000 1000000 1000000 1000000 1000000 1000000 1000000 1000000 1000000 1000000 1000000 1000000 1000000 1000000 1000000 1000000 1000000 1000000 1000000 1000000 1000000 1000000 1000000 1000000 1000000 1000000 1000000 1000000 1000000 1000000 1000000 1000000 1000000 1000000 1000000 1000000 1000000 1000000 1000000 1000000 1000000 1000000 1000000 1000000 1000000 1000000 1000000 1000000 1000000 1000000 1000000 1000000 1000000 1000000 1000000 1000000 1000000 1000000 1000000 1000000 1000000 1000000 1000000 1000000 1000000 1000000 1000000 1000000 1000000 1000000 1000000 1000000 1000000 1000000 1000000 1000000 1000000 1000000 1000000 1000000 1000000 1000000 1000000 1000000 1000000 1000000 1000000 1000000 1000000 1000000 1000000
